+866201059593399
866201059553278
+866201059622933
866201059602133
+866201059544210
862531045916161
+862531045777902
862531045914737
+862531045916138
+862531045957355
862531045845329
862531045913754
+862531045990638
+862531045881571
+862531045881605
+860157041822658
+860157041800878

+860157041823441
+860157041843613
+860157041823474
+860157041814325
+860157041806651
+860157041814416
+860157041791820
+860157041713055
868184062549756
868184062548832
868184062559888
868184062308377
+868184062440154
+868184062507242

*********
868184062549756
868184062288595
868184062136174
868184062582005
868184062182517
868184062182517


*************
	1026605398 326 запас 9123880793
3039028167 у100ук 9829104863
	5035503959 о787се запас 9123880940
	4003967824 у993ме запас 9120797391
4003998696 х121нк 9829069825
4003994554 х007нк 9120798018
	4005627087 р915ко/у331ну запас 9123881890
4003991519 у446нр 9129223626
4005648570 821 	9829068871
4003985644 о142еа запас 	9120798084

